2	158667217
11	113296286
17	62987151
4	100239319
15	36220035
3	121459589
15	28365618
15	48426484
8	31896592
13	41715282
5	33951693
11	61597212
17	48726132
15	28197037
2	17901485
8	145639681
2	17362568
6	90518278
14	99375321
22	41697338
18	35277622
13	42579985
8	122124302
12	112211833
17	41056245
2	109579738
1	159174683
20	62159504
1	101709563
4	100244319
9	127267689
6	136482727
2	109513601
18	67578931
17	40658533
17	53568884
16	89730827
4	38815502
18	67867663
10	94911055
12	112241766
2	136707982
8	110602317
18	40488279
19	4077096
13	49070512
15	45152371
1	151122489
4	105375423
5	170202984
2	7968275
13	34847737
5	6845035
7	28139111
13	111827167
